Hire	790803274	10000	None	10000
Hire	365357271	10001	10000	5927
Hire	040888685	10002	10000	4135
Hire	667665982	10003	10002	6253
Hire	765751850	10004	10001	3781
Hire	383846606	10005	10000	6755
Hire	105644375	10006	10005	3869
Hire	689978271	10007	10000	3442
Hire	362206496	10008	10000	2766
Hire	774438675	10009	10001	4512
Hire	252300806	10010	10004	4670
Hire	878631228	10011	10005	3307
Hire	627745569	10012	10003	6840
Hire	660052599	10013	10000	2393
Hire	712409093	10014	10007	2341
Hire	313669053	10015	10006	5206
Hire	474123626	10016	10009	2469
Hire	453672102	10017	10002	5455
Hire	209884622	10018	10004	2897
Hire	421876315	10019	10003	5150
Hire	838593073	10020	10017	2194
Hire	847976368	10021	10014	2146
Hire	199898033	10022	10012	3846
Hire	026049403	10023	10002	4580
Hire	652586640	10024	10007	6711
Hire	033853687	10025	10018	2108
Hire	052880585	10026	10019	2725
Hire	317622787	10027	10023	5427
Hire	060668838	10028	10002	4926
Hire	981160724	10029	10027	2619
Hire	963730194	10030	10013	2371
Hire	979479239	10031	10022	3732
Hire	913337869	10032	10017	3174
Hire	001850904	10033	10027	2200
Hire	428815940	10034	10029	4266
Retirement	10013
Hire	524935793	10035	10032	2941
Retirement	10008
Hire	458971631	10036	10035	5438
Retirement	10009
Retirement	10020
Hire	598219121	10037	10027	5132
Retirement	10037
Hire	587334695	10038	10010	6967
Hire	469088774	10039	10015	4261
Retirement	10035
Retirement	10027
Retirement	10018
Retirement	10007
Hire	175411114	10040	10005	3758
Hire	353564157	10041	10012	2001
Hire	997282366	10042	10039	5483
Retirement	10015
Retirement	10025
Hire	117658770	10043	10032	6231
Hire	612292938	10044	10026	2665
Hire	479171819	10045	10036	3600
Retirement	10016
Retirement	10024
Hire	720612637	10046	10030	4923
Hire	615173399	10047	10004	5318
